List of E:
[-5.142090573551495, -4.861147832119, -4.513290903511054, -4.407829041928174]

List of S^2:
[-2.220446049250313e-16, 2.000000049059165, 2.000000013420628, 1.35448600502297e-7]

List of Szi:
[[-4.683753385137379e-15, 3.3965885659625883e-15, -5.14518982974721e-15, 5.190292640122607e-15, -3.563122019656362e-15, 3.5457747848965937e-15, -3.642919299551295e-15, 3.670674875166924e-15, -2.609024107869118e-15, 3.3306690738754696e-15, -1.9984014443252818e-15, 2.55351295663786e-15], [-7.593456835541801e-10, -7.231763451964746e-10, 1.1957271700557826e-9, -6.832147209090422e-10, 4.258367408693786e-10, -7.584934069715388e-11, -1.592572046460461e-10, 1.73261904823363e-10, 6.296619753376476e-10, -6.846822414585674e-10, -2.9785164890050453e-9, 3.639554130296929e-9], [1.4168601530917257e-7, -1.484661199951942e-7, 2.070179147689588e-7, -2.324791682356553e-7, 1.3100854531072903e-7, -9.032568039357702e-8, -8.358927942875294e-8, 1.276918988359077e-7, -2.3394756340500145e-7, 2.0800626715500314e-7, -1.550522859550263e-7, 1.2844945593282198e-7], [-7.42099369538396e-7, -1.4644409919439827e-7, -3.5899492890900664e-7, -2.5945058581416935e-7, -6.039180173653125e-7, 5.124133278244791e-7, -3.0180603442092613e-7, 3.499870450812681e-7, 7.576690578582623e-7, -4.9296999940495745e-8, 4.14786356928154e-7, 4.271542476397272e-7]]
----------

total time = 1 minute, 40 seconds, 652 milliseconds
