List of E:
[-1478.3883024971828]

List of S^2:
[2.000000653396355]

List of Szi:
[[0.4146668231378595, -0.14526446398598555, 0.2073623197622375, -0.07458514833791807, 0.0901036541066238, -0.03255805193279246, 0.03741310756697894, -0.013535570932834444, 0.015280362387446154, -0.0055302641393652095, 0.006201909339393267, -0.002244910373111391, 0.0025111595049138805, -0.0009089230925319276, 0.0010157062129253912, -0.00036762903974178307, 0.0004106648319989989, -0.00014861395120951542, 0.00016599326687527144, -6.003874061878773e-5, 6.706310437761853e-5, -2.4216629356993142e-5, 2.7059000899410388e-5, -9.717360101471996e-6, 1.0878826560308772e-5, -3.835492602341027e-6, 4.354579015606531e-6, -1.470878215307029e-6, 1.7093634681401079e-6, -5.124810837492795e-7, 6.303414115399486e-7, -1.2470206177236396e-7, 1.6773153624568275e-7, -1.0193680731136859e-7, 1.1295350418485639e-7, -9.188936491504022e-8, 9.472374836114664e-8, -8.360524418108546e-8, 8.46276285183992e-8, -7.87673776379821e-8, 7.922021875613931e-8, -7.632398281321364e-8, 7.653352330043902e-8, -7.51692325290518e-8, 7.526540043046502e-8, -7.463863484089985e-8, 7.468277924474673e-8, -7.438718833119913e-8, 7.440945516209586e-8, -7.423643510347968e-8, 7.42533494336146e-8, -7.406874749839201e-8, 7.409409689781267e-8, -7.374204014552113e-8, 7.379767419683e-8, -7.297127351202084e-8, 7.310586537065297e-8, -7.108061479948248e-8, 7.141222453226233e-8, -6.641086316677294e-8, 6.723052246099073e-8, -5.4863384933228704e-8, 5.689052131444376e-8, -2.630289933225338e-8, 3.131676873511985e-8, 4.433843411128609e-8, -3.193697435573962e-8, 2.1906307328642544e-7, -1.8838904753645267e-7, 6.512283280525213e-7, -5.753585621696548e-7, 1.7201473028430088e-6, -1.5324903512532944e-6, 4.36401730573926e-6, -3.899862980937541e-6, 1.0903380953493959e-5, -9.755317426644727e-6, 2.7077842557239447e-5, -2.4238076037428816e-5, 6.708343238569658e-5, -6.0058553960727353e-5, 0.00016603004232072343, -0.0001486476601119272, 0.00041073940459335716, -0.0003676965636108528, 0.0010158217736371553, -0.0009090281996721573, 0.002511195876229148, -0.002244943107927632, 0.006201894400643036, -0.0055302717396946725, 0.015280101663828923, -0.013535346792643968, 0.03741295683013611, -0.032557898714920944, 0.09010332829456305, -0.07458471669283545, 0.2073622677567695, -0.14526426272573612, 0.4146665975712528]]
----------

total time = 1 minute, 42 seconds, 792 milliseconds
